Test for print
Random matrix:
          14          -25          -23           23            1            8            5           15 
          27            7           12          -26           -3          -20            4            6 
         -30           22           13          -20          -12          -21          -29            7 
          13           17           29           21           -1           -5            0          -18 
           2            9          -27          -28          -15           10           19          -19 
         -14           -1          -13           15           11           23          -11           14 
          14          -30           26          -30          -18           29            9           27 
          14            7           16          -18          -30          -15           -4            5 

Matrix with zeroes:
           0            0            0            0            0            0            0            0 
           0            0            0            0            0            0            0            0 
           0            0            0            0            0            0            0            0 
           0            0            0            0            0            0            0            0 
           0            0            0            0            0            0            0            0 
           0            0            0            0            0            0            0            0 
           0            0            0            0            0            0            0            0 
           0            0            0            0            0            0            0            0 

Matrix with twos:
           2            2            2            2            2            2            2            2 
           2            2            2            2            2            2            2            2 
           2            2            2            2            2            2            2            2 
           2            2            2            2            2            2            2            2 
           2            2            2            2            2            2            2            2 
           2            2            2            2            2            2            2            2 
           2            2            2            2            2            2            2            2 
           2            2            2            2            2            2            2            2 

Identity Matrix:
           1            0            0            0            0            0            0            0 
           0            1            0            0            0            0            0            0 
           0            0            1            0            0            0            0            0 
           0            0            0            1            0            0            0            0 
           0            0            0            0            1            0            0            0 
           0            0            0            0            0            1            0            0 
           0            0            0            0            0            0            1            0 
           0            0            0            0            0            0            0            1 

Matrix with max values
          31           31           31           31           31           31           31           31 
          31           31           31           31           31           31           31           31 
          31           31           31           31           31           31           31           31 
          31           31           31           31           31           31           31           31 
          31           31           31           31           31           31           31           31 
          31           31           31           31           31           31           31           31 
          31           31           31           31           31           31           31           31 
          31           31           31           31           31           31           31           31 

Matrix with min values
         -32          -32          -32          -32          -32          -32          -32          -32 
         -32          -32          -32          -32          -32          -32          -32          -32 
         -32          -32          -32          -32          -32          -32          -32          -32 
         -32          -32          -32          -32          -32          -32          -32          -32 
         -32          -32          -32          -32          -32          -32          -32          -32 
         -32          -32          -32          -32          -32          -32          -32          -32 
         -32          -32          -32          -32          -32          -32          -32          -32 
         -32          -32          -32          -32          -32          -32          -32          -32 

Test 1:
::::::::::::::::::::::::::::::
Test for Matrix Multiplication
::::::::::::::::::::::::::::::
=============================
Test starting: ..............
=============================
Matrix 1:

         680         -684          -15         1587         -125         1094          553         -212 
         283         -889         -594         -791         -539         -510          -10          914 
        -514         1682          498        -1177           29        -2402         -725         -681 
        -140          659          695           -5           93         -805         -600          -19 
         547        -1905         -636          106          890         1459          681         1242 
         104          816          -82          394           -4          216          104         -691 
       -1722         -770         -439          135         -561          659        -1492         1878 
        -165         -355          429           87           26        -1110         -827          965 


Matrix 2:

         680         -684          -15         1587         -125         1094          553         -212 
         283         -889         -594         -791         -539         -510          -10          914 
        -514         1682          498        -1177           29        -2402         -725         -681 
        -140          659          695           -5           93         -805         -600          -19 
         547        -1905         -636          106          890         1459          681         1242 
         104          816          -82          394           -4          216          104         -691 
       -1722         -770         -439          135         -561          659        -1492         1878 
        -165         -355          429           87           26        -1110         -827          965 


Evaluation matrix; 0 for index match, 1 for mismatch
0 0 0 0 0 0 0 0 
0 0 0 0 0 0 0 0 
0 0 0 0 0 0 0 0 
0 0 0 0 0 0 0 0 
0 0 0 0 0 0 0 0 
0 0 0 0 0 0 0 0 
0 0 0 0 0 0 0 0 
0 0 0 0 0 0 0 0 
>> 64 match(es) found
>> 0 mismatch(es) found

TEST PASSES

         680         -684          -15         1587         -125         1094          553         -212 
         283         -889         -594         -791         -539         -510          -10          914 
        -514         1682          498        -1177           29        -2402         -725         -681 
        -140          659          695           -5           93         -805         -600          -19 
         547        -1905         -636          106          890         1459          681         1242 
         104          816          -82          394           -4          216          104         -691 
       -1722         -770         -439          135         -561          659        -1492         1878 
        -165         -355          429           87           26        -1110         -827          965 

         680         -684          -15         1587         -125         1094          553         -212 
         283         -889         -594         -791         -539         -510          -10          914 
        -514         1682          498        -1177           29        -2402         -725         -681 
        -140          659          695           -5           93         -805         -600          -19 
         547        -1905         -636          106          890         1459          681         1242 
         104          816          -82          394           -4          216          104         -691 
       -1722         -770         -439          135         -561          659        -1492         1878 
        -165         -355          429           87           26        -1110         -827          965 

i+j results: 
>> -2691 data matrice result
>> -2691 hls matrice result

i-j results: 
>> 2691 data matrice result
>> 2691 hls matrice result

Test 2:
::::::::::::::::::::::::::::::
Test for Matrix Multiplication
with both matrices transposed
::::::::::::::::::::::::::::::
=============================
Test starting: ..............
=============================
Matrix 1:

         680          283         -514         -140          547          104        -1722         -165 
        -684         -889         1682          659        -1905          816         -770         -355 
         -15         -594          498          695         -636          -82         -439          429 
        1587         -791        -1177           -5          106          394          135           87 
        -125         -539           29           93          890           -4         -561           26 
        1094         -510        -2402         -805         1459          216          659        -1110 
         553          -10         -725         -600          681          104        -1492         -827 
        -212          914         -681          -19         1242         -691         1878          965 


Matrix 2:

         680          283         -514         -140          547          104        -1722         -165 
        -684         -889         1682          659        -1905          816         -770         -355 
         -15         -594          498          695         -636          -82         -439          429 
        1587         -791        -1177           -5          106          394          135           87 
        -125         -539           29           93          890           -4         -561           26 
        1094         -510        -2402         -805         1459          216          659        -1110 
         553          -10         -725         -600          681          104        -1492         -827 
        -212          914         -681          -19         1242         -691         1878          965 


Evaluation matrix; 0 for index match, 1 for mismatch
0 0 0 0 0 0 0 0 
0 0 0 0 0 0 0 0 
0 0 0 0 0 0 0 0 
0 0 0 0 0 0 0 0 
0 0 0 0 0 0 0 0 
0 0 0 0 0 0 0 0 
0 0 0 0 0 0 0 0 
0 0 0 0 0 0 0 0 
>> 64 match(es) found
>> 0 mismatch(es) found

TEST PASSES

i+j results: 
>> -2691 data matrice result
>> -2691 hls matrice result

i-j results: 
>> 2691 data matrice result
>> 2691 hls matrice result

Test 3:
::::::::::::::::::::::::::::::
Test for Matrix Multiplication
with matrix B transposed
::::::::::::::::::::::::::::::
=============================
Test starting: ..............
=============================
Matrix 1:

        2194         -724        -1949         -738         -345          823          322         -856 
        -724         2059          402          267          328        -1384          932         1491 
       -1949          402         3428          -68         -367         -269         -607         1128 
        -738          267          -68         2090         -885         -639         -817          402 
        -345          328         -367         -885         2645         -516          114          292 
         823        -1384         -269         -639         -516         1558         -206        -1242 
         322          932         -607         -817          114         -206         4647         1146 
        -856         1491         1128          402          292        -1242         1146         1991 


Matrix 2 (hls):

        2194         -724        -1949         -738         -345          823          322         -856 
        -724         2059          402          267          328        -1384          932         1491 
       -1949          402         3428          -68         -367         -269         -607         1128 
        -738          267          -68         2090         -885         -639         -817          402 
        -345          328         -367         -885         2645         -516          114          292 
         823        -1384         -269         -639         -516         1558         -206        -1242 
         322          932         -607         -817          114         -206         4647         1146 
        -856         1491         1128          402          292        -1242         1146         1991 


Evaluation matrix; 0 for index match, 1 for mismatch
0 0 0 0 0 0 0 0 
0 0 0 0 0 0 0 0 
0 0 0 0 0 0 0 0 
0 0 0 0 0 0 0 0 
0 0 0 0 0 0 0 0 
0 0 0 0 0 0 0 0 
0 0 0 0 0 0 0 0 
0 0 0 0 0 0 0 0 
>> 64 match(es) found
>> 0 mismatch(es) found

TEST PASSES

i+j results: 
>> 12682 data matrice result
>> 12682 hls matrice result

i-j results: 
>> -12682 data matrice result
>> -12682 hls matrice result

Test 4:
::::::::::::::::::::::::::::::
Test for Matrix Multiplication
with matrix A transposed
::::::::::::::::::::::::::::::
=============================
Test starting: ..............
=============================
Matrix 1:

        2586         -890          705         -445         -576           31         1310          142 
        -890         2478          540         -333         -143        -1795         -851        -1445 
         705          540         3513         -999         -930         -897         -644          409 
        -445         -333         -999         4279         1985          484         -304         -487 
        -576         -143         -930         1985         1725          356         -107         -266 
          31        -1795         -897          484          356         2625          827          783 
        1310         -851         -644         -304         -107          827         1461         -396 
         142        -1445          409         -487         -266          783         -396         1945 


Matrix 2 (hls):

        2586         -890          705         -445         -576           31         1310          142 
        -890         2478          540         -333         -143        -1795         -851        -1445 
         705          540         3513         -999         -930         -897         -644          409 
        -445         -333         -999         4279         1985          484         -304         -487 
        -576         -143         -930         1985         1725          356         -107         -266 
          31        -1795         -897          484          356         2625          827          783 
        1310         -851         -644         -304         -107          827         1461         -396 
         142        -1445          409         -487         -266          783         -396         1945 


Evaluation matrix; 0 for index match, 1 for mismatch
0 0 0 0 0 0 0 0 
0 0 0 0 0 0 0 0 
0 0 0 0 0 0 0 0 
0 0 0 0 0 0 0 0 
0 0 0 0 0 0 0 0 
0 0 0 0 0 0 0 0 
0 0 0 0 0 0 0 0 
0 0 0 0 0 0 0 0 
>> 64 match(es) found
>> 0 mismatch(es) found

TEST PASSES

Test 5:
::::::::::::::::::::::::::::::
Test for Matrix Multiplication
::::::::::::::::::::::::::::::
=============================
Test starting: ..............
=============================
Matrix 1:

          32           32           32           32           32           32           32           32 
          32           32           32           32           32           32           32           32 
          32           32           32           32           32           32           32           32 
          32           32           32           32           32           32           32           32 
          32           32           32           32           32           32           32           32 
          32           32           32           32           32           32           32           32 
          32           32           32           32           32           32           32           32 
          32           32           32           32           32           32           32           32 


Matrix 2:

          32           32           32           32           32           32           32           32 
          32           32           32           32           32           32           32           32 
          32           32           32           32           32           32           32           32 
          32           32           32           32           32           32           32           32 
          32           32           32           32           32           32           32           32 
          32           32           32           32           32           32           32           32 
          32           32           32           32           32           32           32           32 
          32           32           32           32           32           32           32           32 


Evaluation matrix; 0 for index match, 1 for mismatch
0 0 0 0 0 0 0 0 
0 0 0 0 0 0 0 0 
0 0 0 0 0 0 0 0 
0 0 0 0 0 0 0 0 
0 0 0 0 0 0 0 0 
0 0 0 0 0 0 0 0 
0 0 0 0 0 0 0 0 
0 0 0 0 0 0 0 0 
>> 64 match(es) found
>> 0 mismatch(es) found

TEST PASSES

i+j results: 
>> 2048 data matrice result
>> 2048 hls matrice result

i-j results: 
>> -2048 data matrice result
>> -2048 hls matrice result

Test 6:
::::::::::::::::::::::::::::::
Test for Matrix Multiplication
with both matrices transposed
::::::::::::::::::::::::::::::
=============================
Test starting: ..............
=============================
Matrix 1:

           1            0            0            0            0            0            0            0 
           0            1            0            0            0            0            0            0 
           0            0            1            0            0            0            0            0 
           0            0            0            1            0            0            0            0 
           0            0            0            0            1            0            0            0 
           0            0            0            0            0            1            0            0 
           0            0            0            0            0            0            1            0 
           0            0            0            0            0            0            0            1 


Matrix 2:

           1            0            0            0            0            0            0            0 
           0            1            0            0            0            0            0            0 
           0            0            1            0            0            0            0            0 
           0            0            0            1            0            0            0            0 
           0            0            0            0            1            0            0            0 
           0            0            0            0            0            1            0            0 
           0            0            0            0            0            0            1            0 
           0            0            0            0            0            0            0            1 


Evaluation matrix; 0 for index match, 1 for mismatch
0 0 0 0 0 0 0 0 
0 0 0 0 0 0 0 0 
0 0 0 0 0 0 0 0 
0 0 0 0 0 0 0 0 
0 0 0 0 0 0 0 0 
0 0 0 0 0 0 0 0 
0 0 0 0 0 0 0 0 
0 0 0 0 0 0 0 0 
>> 64 match(es) found
>> 0 mismatch(es) found

TEST PASSES

i+j results: 
>> 8 data matrice result
>> 8 hls matrice result

i-j results: 
>> -8 data matrice result
>> -8 hls matrice result

Test 7, max values:
::::::::::::::::::::::::::::::
Test for Matrix Multiplication
with both matrices transposed
::::::::::::::::::::::::::::::
=============================
Test starting: ..............
=============================
Matrix 1:

        7688         7688         7688         7688         7688         7688         7688         7688 
        7688         7688         7688         7688         7688         7688         7688         7688 
        7688         7688         7688         7688         7688         7688         7688         7688 
        7688         7688         7688         7688         7688         7688         7688         7688 
        7688         7688         7688         7688         7688         7688         7688         7688 
        7688         7688         7688         7688         7688         7688         7688         7688 
        7688         7688         7688         7688         7688         7688         7688         7688 
        7688         7688         7688         7688         7688         7688         7688         7688 


Matrix 2:

        7688         7688         7688         7688         7688         7688         7688         7688 
        7688         7688         7688         7688         7688         7688         7688         7688 
        7688         7688         7688         7688         7688         7688         7688         7688 
        7688         7688         7688         7688         7688         7688         7688         7688 
        7688         7688         7688         7688         7688         7688         7688         7688 
        7688         7688         7688         7688         7688         7688         7688         7688 
        7688         7688         7688         7688         7688         7688         7688         7688 
        7688         7688         7688         7688         7688         7688         7688         7688 


Evaluation matrix; 0 for index match, 1 for mismatch
0 0 0 0 0 0 0 0 
0 0 0 0 0 0 0 0 
0 0 0 0 0 0 0 0 
0 0 0 0 0 0 0 0 
0 0 0 0 0 0 0 0 
0 0 0 0 0 0 0 0 
0 0 0 0 0 0 0 0 
0 0 0 0 0 0 0 0 
>> 64 match(es) found
>> 0 mismatch(es) found

TEST PASSES

i+j results: 
>> 492032 data matrice result
>> 492032 hls matrice result

i-j results: 
>> -492032 data matrice result
>> -492032 hls matrice result

Test 8, min values, transpose=3:
::::::::::::::::::::::::::::::
Test for Matrix Multiplication
with both matrices transposed
::::::::::::::::::::::::::::::
=============================
Test starting: ..............
=============================
Matrix 1:

        8192         8192         8192         8192         8192         8192         8192         8192 
        8192         8192         8192         8192         8192         8192         8192         8192 
        8192         8192         8192         8192         8192         8192         8192         8192 
        8192         8192         8192         8192         8192         8192         8192         8192 
        8192         8192         8192         8192         8192         8192         8192         8192 
        8192         8192         8192         8192         8192         8192         8192         8192 
        8192         8192         8192         8192         8192         8192         8192         8192 
        8192         8192         8192         8192         8192         8192         8192         8192 


Matrix 2:

        8192         8192         8192         8192         8192         8192         8192         8192 
        8192         8192         8192         8192         8192         8192         8192         8192 
        8192         8192         8192         8192         8192         8192         8192         8192 
        8192         8192         8192         8192         8192         8192         8192         8192 
        8192         8192         8192         8192         8192         8192         8192         8192 
        8192         8192         8192         8192         8192         8192         8192         8192 
        8192         8192         8192         8192         8192         8192         8192         8192 
        8192         8192         8192         8192         8192         8192         8192         8192 


Evaluation matrix; 0 for index match, 1 for mismatch
0 0 0 0 0 0 0 0 
0 0 0 0 0 0 0 0 
0 0 0 0 0 0 0 0 
0 0 0 0 0 0 0 0 
0 0 0 0 0 0 0 0 
0 0 0 0 0 0 0 0 
0 0 0 0 0 0 0 0 
0 0 0 0 0 0 0 0 
>> 64 match(es) found
>> 0 mismatch(es) found

TEST PASSES

i+j results: 
>> 524288 data matrice result
>> 524288 hls matrice result

i-j results: 
>> -524288 data matrice result
>> -524288 hls matrice result

Test 9, plus values, transpose=3:
::::::::::::::::::::::::::::::
Test for Matrix Multiplication
with both matrices transposed
::::::::::::::::::::::::::::::
=============================
Test starting: ..............
=============================
Matrix 1:

         140          168          196          224          252          280          308          336 
         168          204          240          276          312          348          384          420 
         196          240          284          328          372          416          460          504 
         224          276          328          380          432          484          536          588 
         252          312          372          432          492          552          612          672 
         280          348          416          484          552          620          688          756 
         308          384          460          536          612          688          764          840 
         336          420          504          588          672          756          840          924 


Matrix 2:

         140          168          196          224          252          280          308          336 
         168          204          240          276          312          348          384          420 
         196          240          284          328          372          416          460          504 
         224          276          328          380          432          484          536          588 
         252          312          372          432          492          552          612          672 
         280          348          416          484          552          620          688          756 
         308          384          460          536          612          688          764          840 
         336          420          504          588          672          756          840          924 


Evaluation matrix; 0 for index match, 1 for mismatch
0 0 0 0 0 0 0 0 
0 0 0 0 0 0 0 0 
0 0 0 0 0 0 0 0 
0 0 0 0 0 0 0 0 
0 0 0 0 0 0 0 0 
0 0 0 0 0 0 0 0 
0 0 0 0 0 0 0 0 
0 0 0 0 0 0 0 0 
>> 64 match(es) found
>> 0 mismatch(es) found

TEST PASSES

i+j results: 
>> 27776 data matrice result
>> 27776 hls matrice result

i-j results: 
>> -27776 data matrice result
>> -27776 hls matrice result

Test 10, plus values, transpose=2:
::::::::::::::::::::::::::::::
Test for Matrix Multiplication
with both matrices transposed
::::::::::::::::::::::::::::::
=============================
Test starting: ..............
=============================
Matrix 1:

         140          112           84           56           28            0          -28          -56 
         112           92           72           52           32           12           -8          -28 
          84           72           60           48           36           24           12            0 
          56           52           48           44           40           36           32           28 
          28           32           36           40           44           48           52           56 
           0           12           24           36           48           60           72           84 
         -28           -8           12           32           52           72           92          112 
         -56          -28            0           28           56           84          112          140 


Matrix 2:

         140          112           84           56           28            0          -28          -56 
         112           92           72           52           32           12           -8          -28 
          84           72           60           48           36           24           12            0 
          56           52           48           44           40           36           32           28 
          28           32           36           40           44           48           52           56 
           0           12           24           36           48           60           72           84 
         -28           -8           12           32           52           72           92          112 
         -56          -28            0           28           56           84          112          140 


Evaluation matrix; 0 for index match, 1 for mismatch
0 0 0 0 0 0 0 0 
0 0 0 0 0 0 0 0 
0 0 0 0 0 0 0 0 
0 0 0 0 0 0 0 0 
0 0 0 0 0 0 0 0 
0 0 0 0 0 0 0 0 
0 0 0 0 0 0 0 0 
0 0 0 0 0 0 0 0 
>> 64 match(es) found
>> 0 mismatch(es) found

TEST PASSES

i+j results: 
>> 2688 data matrice result
>> 2688 hls matrice result

i-j results: 
>> -2688 data matrice result
>> -2688 hls matrice result

All the tests are PASSING
return value (ret) is: 0

Width is: 6
Result width is: 15
Transpose width is: 2

